339452204954
557610956080
440869784283
518332650411
231857624626
225844780186
253795209201
956522721205
326839817935
673004869800
909076594118
793708396846
785004476473
619061071719
354389418015
779780180629
265642755648
102647690264
909180209608
850925097056
713510751565
818855794890
143165318747
132248102931
810629406146
892042242781
745697827907
487704839823
460331499657
202099263018
249223225463
705596429970
582240156711
202830849713
553530613186
496657645173
491585228563
694169034262
451841277413
817942042834
485871942021
528320288653
193671858395
161820416222
377851859953
405664791873
573102777215
189801265243
192990181498
490932458931
775902547190
171861556688
967898307536
158079834005
227385310364
737309148352
994053902699
587390045457
691873348684
352356351207
935024024774
112338319732
169496900540
558850183004
157790851008
636909509313
770164910202
598446584161
587110236916
891282409553
347812819925
476899980780
716327827907
933680248834
284715733037
590165274016
775211987622
476399698025
117663491614
826115530236
163314531089
118221198570
947075684457
858857400993
638351954386
389837095405
169405976991
265544830428
592944165393
375315326365
171786123397
194409739679
421046119192
127620518965
894106900138
938079862180
191154378113
378469403134
227418007919
353448900171
222313859446
352159576459
179806841259
159902158100
155435169141
529548342310
134704666149
333657737651
571743854123
390175572927
966795869172
542164984544
707685227889
643786155279
591881494075
548257987802
615494797565
449350734170
997978074873
139025547564
727115203690
288340553692
219845332557
756514354548
212323354012
910099067244
997215161219
521779745534
414695910918
408022717360
971309747316
745678187527
791976277961
712048384066
346942486871
341364371851
150492658601
494552908260
764081392882
872995399037
489574908783
647660016607
498816209887
148372008476
353043395749
664357734339
162381229496
468390975064
402496112481
915100940298
795072991697
550783517791
490499794260
481716264942
557169943791
451117740404
205570753657
606912158946
859740385591
780302294333
821083908138
393189447228
509401303839
282498132648
298138254166
753492838504
655949905375
462404607032
707127967313
922825822662
631883456570
474682431499
876099360222
328350734029
500728193817
471855335726
955217359607
454973843482
690939782014
168166278126
777987907239
277452810619
984415970039
802283893374
775740599647
646056400489
363030244129
141365810034
424788232626
563328435587
889841238015
367181360452
453800226407
189408475347
639365973521
308424392040
592357061902
219416149947
536000238102
214009256721
388388990773
983987579754
661807788596
853495805899
909268267171
545554874475
923494938754
514382832929
889072769919
367683877739
979576986108
839826959741
191581159251
336370248978
242653199700
228652256437
182946443794
659776661473
487249344961
537069997995
714421802553
335136714316
974869040976
347021233687
904505677391
276798894066
758019500167
994084537277
499341725738
110288880296
481996891707
203825188724
343927316521
570400329604
432577732893
213890887349
243613034113
273324477397
344045624491
610249921988
136034043369
819338801889
445612736707
935438954351
981516284933
720985261703
342433919126
549065037013
409375406822
843412692102
784713797424
196131462672
127460740468
203318354504
116509455715
129788111442
184406494500
938405078204
134123520427
278602601851
814160786684
959467909971
761496135169
611143700687
613348382203
813073344143
751306586657
885047878556
930111932866
204624780355
800255309854
708789102808
367811883491
192734310981
389986751290
316454497119
845665968483
323890846993
555940543602
665890608847
347598528281
269162428378
790670047609
728095628568
730767019203
706746807650
801641159466
772664877696
538429006327
808514486915
663385018756
313798103711
560528178708
202930636591
726413392973
418699627051
745881538454
879836675850
281617272437
592932935769
179193568139
995405022360
291662681912
160065483365
562154074785
329410808603
194921515609
192847733328
239845307274
471150023104
935717461450
684949173085
196769465614
972274365878
750509303029
879630254205
790504910464
751932407959
735731764728
514507470926
486422028795
923592074942
512627097677
216798617642
191032652019
790997309353
632051140384
715419950860
783846436463
614918867360
393973000501
306252785750
120132030935
759810994417
114982665545
539724300633
222379686927
455447804642
895943653331
747460897337
474587911685
843090676628
826882267499
427268334079
550067999625
738920171707
667132708162
887765914883
412281840273
626725532330
975143174084
929290208268
309268998451
538928872301
565464588592
835399339581
311011797011
888895037937
964794897491
473135247866
771726788926
181871671104
630705781792
633523973230
203030826684
564336780785
743247687336
265169316796
667558217215
400606003121
482035444308
428169839358
175615442504
920430901713
647553465195
562839953007
858448328710
475341161836
721366226265
674152467857
882339706604
311319347510
118231639508
383975083525
737096672614
970086975534
445987953443
362741754646
287160745890
402159016835
803639814830
795810469205
404788191428
639793927476
506953601858
701760186590
104353615445
791241962764
808756333880
420732550964
499527199293
778727342085
953763586216
857224856460
823730525499
983340430972
626858357396
180755865412
126795481824
272631224043
292101635117
626483657171
948592749538
618911007196
945843224686
709914818887
521032980018
214903713139
817237769696
507258655879
638764653001
667842370881
275668652661
829711936587
834313154598
516374132474
982059625371
872630291944
129070344483
449770510156
676211560174
141061564530
526246366079
750464770388
191913380917
690965507051
445117634277
378887059283
941264371463
281226565401
282280200080
885661972475
691465923444
903328935862
593089664122
329612240064
221488023075
242427275579
721897407744
545450951568
257371908509
505549651149
126818540418
562737626439
745278878182
679668551784
191952765198
701532260507
848515983729
247567916696
863276068240
345206719547
978159141371
406242310376
254446315788
944601966611
397029562451
492770378404
845270556641
660379728569
695307618882
905402399580
126759101121
308371850725
707126037839
953533055204
783259753183
520698548144
802238935516
793418209900
546739765633
291042347134
640521899815
743797195553
647226272650
423368875246
180223791469
918367600868
302469589766
760712701539
188777203784
418185865857
220806725849
716840840888
997443816697
547775686930
807244289301
270462568864
449263701028
683345137327
840859099544
153677413179
239289858105
950766973066
481149639015
844316530350
540250054409
819708007251
488031766397
765307250572
200419622200
440431372732
840602184720
118865269567
541284149394
185921578689
100116837868
838555988026
409164709838
652981135434
464925686536
918263989307
391124466482
527245949673
887001109696
155996882242
786633943959
575096590940
212570074796
142326869828
736767864154
138055596700
976300503038
712311881759
899083558654
574069293745
223589380548
197508415567
507719925562
802733055669
691307444249
791297325525
364752232784
843960851203
584500104559
514052512384
991377375750
460425190465
959066110193
672425663368
842998867495
945256349291
497374103054
552117189094
759532029453
573430631350
280500418164
366851599540
774380811466
843676725829
388301464759
354004129875
419800990544
713767788749
350013149745
756524546037
844576444290
265131104171
850332863453
583531843788
470861139799
960748536595
115156651061
648569930079
788341022882
807066902254
458074917332
319529342730
166882583202
303573201333
328173547047
618097815423
569275065663
296580059229
591137243295
250296364875
798971478346
313844347748
891228498502
911095971952
913827664050
289938798037
676105118902
127375727032
931070269996
668166771645
573134972812
560934320613
557286846531
743477094018
999166505010
236138073372
102955936439
871802858584
319918462333
217957539498
467306370578
115701178649
850877149397
382417334862
185142056715
610717851890
948986014109
316062654743
172744151339
495810005644
810807293985
590932284672
964441244909
414994488985
692627960705
885593421539
107062577418
586707222936
172791099861
233868110422
443799866428
304111055536
893942452461
359374232915
246042999836
331940020337
473015561507
703992289801
790009726791
726510210303
689237149095
648016259436
796428186431
143213935290
387781007810
285630265750
809882638592
895688883209
445212036185
505919276509
246754688729
408325703779
406660685212
583601664995
870794517355
674556409535
738456229616
581080937111
774703417038
666671216519
162450189964
405866382168
315448845422
924165308944
861551263804
215904567615
534611896425
975850111993
138731445617
259618202417
125094663846
167287397607
156937112124
499922756399
520833994376
760975439053
919513556441
417490927878
512796723330
980666790843
572407993694
577226305568
414941759601
385935714235
375406079945
599237555876
633404932070
627559642453
680059943231
548758765441
426687251127
921852342371
156891525189
274437208976
803251516317
298061256969
468067139938
944246210290
734795146694
371102284913
501043535752
330495796332
500511003929
622404639133
308585567374
811142244935
509979296380
347898302431
113731104729
559921460838
729294757794
455577383662
906844210631
996314179024
669022776786
120548971414
468093751891
952367960611
996604555767
501233125204
742640956047
831879494842
409037391185
318020788835
777197226200
252828341283
820522548382
620197194595
794823359045
352131074637
503775910409
883712581495
556146408170
677306235794
233570760197
996088320562
615730427806
265212239914
765757882557
773756748376
150947226546
431858101365
778182653018
339599006944
616638827510
656536465489
912795966473
933348979779
227277317228
580341882048
407109494998
708781878387
727432770019
163961507355
187498694008
420226765933
132782502935
334569658257
681752106282
694329963698
724689137224
987153066816
190609333985
262178723406
872390367236
758972459259
625651128224
553331803292
647139394771
334054299811
963808665070
842671480420
602454035787
579797557566
147823437683
922183228086
356677723089
705098978839
801798867847
416412282556
475205551550
236757620859
439873640857
629208834457
815675314883
766236566767
663058207023
695393587942
954530574098
435630462962
877843028640
468959061450
537947026561
959384931268
168738671829
101358161328
143350163671
997694986291
847587713097
684763545190
974695445662
661533584324
712988070211
992001710094
697529545440
419253214723
333452843063
528532784920
272060960241
649760048789
315844235977
205806076386
427702611476
966033182308
369958363572
511858988908
924579358949
755318557262
987492371162
359646419096
450709992273
354672004976
793498556523
175579374086
583470765036
526254731545
753225149051
523110058218
977888264511
437232230572
146769712841
232975265220
271637294989
601690315335
872342773630
325865525636
419701091003
282006014899
190410739211
651093559998
748895572617
711264274710
468119970002
334330489144
319186218997
192281564003
696491248692
209425139270
207439802811
671943809199
361930090178
351922938930
712184199712
121081402229
539402823321
826985533044
861937346154
208658053669
926608157589
227141988743
988475950455
947045770026
976953715887
218866684621
679203137722
521380747759
287176685758
506030811681
821734679903
886417561877
823550222932
295516122087
952501815149
432076874077
513600355802
903974599739
899254701914
563388937144
916920084162
456063033853
276542601017
205809062745
149679944013
745543149759
888416858260
444940695661
789691298194
821311151176
509430312835
167233882116
624754292281
285652214507
993064338422
643065482406
344626051570
947310464554
481420883160
840184191548
779692937540
922894026397
129695404721
968857608537
758175530481
691435220235
800956864085
715513573789
668186493066
963805586398
188359545066
491918540777
922673113614
742258333445
498422421537
378747208585
576508362586
446730461548
624041329762
734222440485
435877992841
549677418505
235942014966
432240365950
991362571265
192143685850
504663085087
381638679739
291509170228
874232548986
654670397619
385141243001
275661816511
237943770655
771079557276
931163284340
821230152633
376224270457
863293970644
283651235339
850265149818
982487052642
172876945214
270456360290
783710282017
702169651704
128433725598
676026272591
761890442300
978673924149
671858812771
246976485286
296106071085
853588767087
891444345251
114554547923
220928892007
476152090271
783612965119
596345891396
990519709804
140400875175
366446413332
161545584076
814390850747
717710169724
764636732479
591286428652
622791399256
668961336500
543459460263
791113746593
840056329793
755428463924
894773291436
726840970431
619232910823
511303815767
531642707999
916941736722
531231730555
832576653246
895485568771
725456051113
887867136559
338828034446
502199177500
588778720663
771868378882
206654284436
166272231910
173670988122
717228557737
288424194000
185003765521
811812098447
814932963924
977772139622
630082764858
504766029016
117667473274
607712119201
375755529049
933500391374
304436907195
490102890369